0 0.128653 0.122845 0.210554 0.159483
0 0.369410 0.117457 0.205377 0.187500
0 0.620522 0.120690 0.214006 0.181034
0 0.865594 0.107759 0.207103 0.163793
0 0.133831 0.306034 0.200199 0.150862
0 0.131242 0.495690 0.198473 0.189655
0 0.133831 0.702586 0.227813 0.155172
0 0.133831 0.877155 0.200199 0.142241
0 0.377177 0.869612 0.196747 0.153017
0 0.625700 0.870690 0.203651 0.155172
0 0.864731 0.868534 0.201925 0.155172
0 0.868182 0.678879 0.215732 0.181034
0 0.867319 0.479526 0.196747 0.187500
0 0.862142 0.289871 0.214006 0.170259